
if( region == 1 && i == 0 ){
p[0] = -0.0058041;
p[1] = -0.60962;
p[2] = 0.0904912;
p[3] = 0.394529;
}


if( region == 1 && i == 1 ){
p[0] = -0.00553589;
p[1] = -0.620221;
p[2] = 0.0530487;
p[3] = 0.388098;
}


if( region == 1 && i == 2 ){
p[0] = -0.000750616;
p[1] = -1.08997;
p[2] = -1.11707;
p[3] = -0.60186;
}


if( region == 1 && i == 3 ){
p[0] = 1.37107e-05;
p[1] = -1.65988;
p[2] = -0.889207;
p[3] = 0.0824221;
}

