
if( region == 2 && i == 0 ){
p[0] = -0.00577757;
p[1] = -0.627218;
p[2] = 0.0712693;
p[3] = 0.391868;
}


if( region == 2 && i == 1 ){
p[0] = 0.000252159;
p[1] = -1.79892;
p[2] = -0.944554;
p[3] = 0.0364022;
}


if( region == 2 && i == 2 ){
p[0] = -0.00280911;
p[1] = -1.15624;
p[2] = -0.436318;
p[3] = 0.281454;
}


if( region == 2 && i == 3 ){
p[0] = 0.129447;
p[1] = -0.658415;
p[2] = -0.108521;
p[3] = 0.0221672;
}

