
if( region == 1 && i == 0 ){
p[0] = 0.00150607;
p[1] = -1.33917;
p[2] = -0.642305;
p[3] = 0.166379;
}


if( region == 1 && i == 1 ){
p[0] = 0.00078856;
p[1] = -1.78277;
p[2] = -0.928122;
p[3] = 0.0411997;
}


if( region == 1 && i == 2 ){
p[0] = -0.000293599;
p[1] = -0.951437;
p[2] = -1.08688;
p[3] = -0.792035;
}


if( region == 1 && i == 3 ){
p[0] = 0.000246832;
p[1] = -1.55294;
p[2] = -1.09606;
p[3] = -0.182611;
}

